 3.184 -3.946  1.356 -3.432  2.248
 2.428 -0.792 -2.436 -3.068  0.196
-2.524  0.018 -3.056  3.53  -1.72
 3.566 -0.134 -3.364  3.38  -6.47
 1.374 -6.488  5.778  0.708  2.774

 41.2522 -74.0704 -100.431  60.6139   138.044 -94.1067 -50.9741 -121.669 
 105.918 -37.0672  12.1021  0.108618  25.5398  46.7733 -80.5714  36.5218 
-25.4109 -80.4054 -172.981 -87.5985  -68.4407 -82.4525  20.9695 -165.7 
 82.2852 -32.9104  74.8752  28.1402  -48.1785 -135.265 -205.572 -40.208 
 23.823  -7.65938  68.8097 -115.346  -67.4074 -115.695 -90.5292  75.6407 
 93.4641 -149.596 -64.4913 -105.03   -39.8052 -6.65408 -35.1986 -182.646 
-137.827 -51.2301 -24.326  -47.7966  -91.0405  81.9453  53.8815 -13.319 

 3.357 -2.833  2.461 -1.783
 2.618  0.503  0.273 -1.406
-0.543  0.812 -2.17  -2.679

 0 0 0 0 0
 0 0 0 0 0
 0 0 0 0 0
 0 0 0 0 0
 0 0 0 0 0

-118.43342414  89.44047014   25.98159883  -127.26854511 -2.43765433    30.34375954  -12.43341631   31.57209402
 32.18411982  -81.49823643   59.14026436   170.42315834  102.02217936 -113.23155049 -82.66907189  -19.09128307   
 180.17882867  65.57342194   92.50259269  -108.92471299 -97.65122142   175.92166470  115.41864212  41.11801970   
 70.55707619   52.77953975  -134.27549463  31.76183781   21.20810678   44.65069936   44.30412228   19.38323049   
-26.04518045  -141.34782676 -32.92430767   41.16106953  -61.00110987  -45.65362676  -100.50500743  12.34010472   
-199.85988070 -45.01496700   33.44965248  -11.69075794  -86.56871961   39.52954763   173.10694907  8.49294211   
-59.12192704  -62.22778063  -62.3091108   -29.22519908  -13.85931010   66.57513718   128.33065602  53.33563632

-0.173 -1.113 -1.105 -1.649
-0.37   1.925 -1.065 -1.03
 0.739 -3.336  2.188 -0.377

-368.154  73.3155 -355.122 -317.943  646.842 -304.149 -302.454 -429.763 
 658.747 -565.557  339.826  813.437  608.47  -317.006 -778.657  83.1436 
 738.243 -70.7484 -383.881 -937.416 -792.258  445.848  650.571 -594.255 
 729.058  94.7758 -283.339  285.733 -128.649 -432.232 -769.245 -99.3342 
-10.6    -710.764  171.173 -353.86  -612.508 -769.634 -911.233  419.669 
-507.508 -928.296 -148.069 -556.758 -602.804  156.816  657.823 -830.712 
-939.444 -541.194 -413.25  -367.394 -500.372  708.442  869.152  190.879

-0.036616 0.045379 -0.015594 0.039468 
-0.025852 -0.027922 0.009108 0.028014 
-0.002254 0.029026 -0.000207 0.035144

-3.004 -5.885  8.580 -1.011  8.123
 0.321 -2.465  6.030 -6.183  7.472
 2.486  5.144 -3.985  2.133 -7.006
 5.671  6.875 -8.328 -4.215 -6.510
-4.906 -4.568  3.414  9.986 -1.252

-38.5906 7.68506 -37.2246 -33.3273 67.8032 -31.8815 -31.7038 -45.0485
69.051 -59.2827 35.6212 85.2659 63.781 -33.2291 -81.6202 8.71526
77.384 -7.41597 -40.2391 -98.2616 -83.0459 46.7346 68.1941 -62.2909
76.4211 9.93457 -29.7001 29.951 -13.4852 -45.3074 -80.6337 -10.4124
-1.11111 -74.5036 17.9427 -37.0922 -64.2042 -80.6745 -95.5171 43.9904
-53.1979 -97.3056 -15.5208 -58.3604 -63.187 16.4377 68.9542 -87.0767
-98.4743 -56.7289 -43.3176 -38.5109 -52.4499 74.2602 91.1061 20.0083

 1.592  1.214 -1.262  1.783  0.687
-1.973 -0.396  0.009 -0.067 -3.244
 0.678 -1.218 -1.528 -1.682  2.889
-1.716 -1.534  1.765  1.69   0.354
 1.124  0.098 -0.86  -3.235  1.387

 -38.5906  69.051   77.384   76.4211 -1.11111 -53.1979 -98.4743
  7.68506 -59.2827 -7.41597  9.93457 -74.5036 -97.3056 -56.7289
 -37.2246  35.6212 -40.2391 -29.7001  17.9427 -15.5208 -43.3176
 -33.3273  85.2659 -98.2616  29.951  -37.0922 -58.3604 -38.5109
  67.8032  63.781  -83.0459 -13.4852 -64.2042 -63.187  -52.4499
 -31.8815 -33.2291  46.7346 -45.3074 -80.6745  16.4377  74.2602
 -31.7038 -81.6202  68.1941 -80.6337 -95.5171  68.9542  91.1061
 -45.0485  8.71526 -62.2909 -10.4124  43.9904 -87.0767  20.0083

 1.592  1.124  0.098
-1.973  1.214 -1.262
 0.678 -0.396  0.009
-1.716 -1.218 -1.528

 39.6583  21.4812 -14.1545  40.2605  49.8051
-37.3412 -19.5873  14.0167 -37.3551 -46.9778
 7.99523  4.62416 -2.01373  7.31913  9.18148
 2.12616  1.31606 -0.99423  2.35557  3.49465
-19.5836 -10.0873  6.91264 -19.9548 -24.6035

-20.346   19.1572 -4.1018  -1.09079   10.047
-11.0205  10.0489 -2.37234 -0.675179  5.1751
 7.26168 -7.19102  1.0331   0.510071 -3.5464
-20.6549  19.1643 -3.75494 -1.20848   10.2374
-25.5516  24.1011 -4.71039 -1.79286   12.6224